36,52
36,51
36,50
36,49
36,48
36,47
36,46
36,45
36,44
36,43
36,42
36,41
36,40
36,39
36,38
36,37
36,36
17,2
17,1
17,3
15,2
15,1
15,3
16,2
16,1
16,3
13,2
14,2
4,16
4,41
4,17
4,25
4,40
4,4
4,12
4,88
4,20
4,91
4,11
4,19
4,85
4,1
4,89
4,2
4,3
6,8
6,6
6,1
6,5
6,2
6,3
7,8
7,7
7,10
7,4
7,5
7,9
7,1
7,13
7,2
7,3
5,4
5,2
5,1
5,3
0,442
37,5
38,5
38,4
38,3
38,2
38,1
38,0
0,278
0,441
0,386
37,4
37,3
37,2
0,9
37,1
37,0
0,273
0,270
36,35
3,2
10,6
10,296
10,178
10,268
10,184
10,252
10,254
11,23
11,25
11,13
11,7
9,4
9,2
9,3
8,11
8,8
8,18
34,5
34,4
34,3
34,2
34,1
34,0
